%% 

useless_neurons = [8 10 11 38 49 52 73 74 76];
maybe_neurons = [20 42 46];